7332314579156657875
13723900967828475779
16339087925742704007
1087111944199263321
16678560739392760325
11505610766916404182
6796486971054261316
77799059146005170
1480813026528387952
12887861197618409498
12183237273418474510
676218727893647107
17008607730696831606
550816801778792482
1795034617333500310
262306975903969231
6126616964041847061
12489371955626612099
6236268448030637279
1029021960585422849
16015428699447401860
4152018723906581936
8636995632576774995
822306327124098425
9240390379411447816
3822633651642056811
83915496928970434
17123055158027996
8454782524749914919
2290228728270330157
9085305181559074862
628781200984180183
1396985138496916233
4997988780504043434
13932813688094891110
991511488974901015
15870839992606410547
12207777987802428264
12865732812293860860
54163070387194178
18405537319099346940
7611599889956900732
10681008136750050543
712994931719915928
8882877198418556610
5727293977328936535
16498166632661004567
765604082956496431
11475248526435613807
13446955765547905027
9931505370159618546
206313836641069071
9458577936647240311
13705262734797026169
13168126222115712366
140802944063709234
4343146041891316765
283155841452740290
7191479910070521067
157719073171785874
3896113646434130856
3528681784098074062
1741592956730931925
106180782928220039
1938574517038490687
7621918193613382519
8666323282360075464
974725388720823276
12285485200126293360
673453638028923623
14434109275354707275
1062324553432382993
8047405036294949854
7470167549028411709
5078324304798587193
1031215268223414481
10032507581935957020
6589204159576265752
5170275932984256993
575130621013633725
5599038062394571636
15069396568020030506
17583038203066744975
386749288107874115
3245522088235429317
11576122483756270293
5183261607850822460
1013578450960979453
7700223316267282640
14576953617354547794
12050139101072166070
947556820039037040
2932149604294440913
16853380679971461558
9604880885699693480
1110484364105223165
5479195017891374528
17747209896274571699
9798869461533611610
437835530129863436
15456598990308044223
7489546252017926928
2311690134274189995
712856829964093666
750453554373904363
17616434461516610525
1380663430644959477
417990311407437201
13094967121239458493
1303887587672388726
7853328444616851427
52005252394718226
13007517374032118819
3677353155176834264
281102935949849706
445214720868567546
1248810397475020316
1347658171097713081
7788226871059573387
113109872742743651
8394452772348431907
11890066262035639102
9115814991695894283
35239071045617030
13651989903585063734
8504380497131515434
4469033696492036760
181306972654182214
16729183900998143089
6811587631994584536
15319220081721578148
81392476257097629
16567039771932269266
18071737663055328184
11346375354716902011
778247937714101169
6235689126465049596
9226359851374672013
6301109105809137892
875771832145238032
13576195811694038697
4086414927849295914
14148359623223697977
1024259289563971401
1918696351730335005
7056158209880273223
2774740250857323227
912764299109341722
1096979469301820396
7670964127380559766
9806001924866824496
365804277712274720
9323776205033073125
17355944492036133785
17317295641116591798
129507059319612062
7805658465331742519
10125623794966605315
10277423688076845649
431717118712878070
13890064365696152391
10404753480774371807
17103551778615473988
299833209053110184
16177240695115796598
2618744606490123419
8271713240176574478
301594513612331776
14496565983083265668
8214453297524928604
989049259154893445
348448677585726982
16486898136554988069
9876348831135196628
9404999775954816191
415853484389976755
15136013406676732655
3029024149378964496
16833609935552552055
239522029411645873
16348234085856707531
4567045938312639078
13573486757944512145
582128078857395366
6871644546862950437
9396303819477518064
6999936695284782220
12462356295267664
7038437920566732084
4656228440755542684
15471901410843275507
219753151659391266
10485074235890009445
2252520561068981300
12000599900841607834
1041673383954477095
9173678574697993459
12158684571094335526
15363449879429491904
1089993369478555774
8918409287853380208
17200428446651116756
198244984625162627
847727185710638653
2524157154937320236
9904353838616457999
13133593451197921364
597298889637497112
18070746905052684485
17653388342637727924
297632488652799968
1136381214261987371
3323788037160198443
12518668097525148275
10410067901941776063
921989648034059848
17023068037308053173
5486100732428588604
1966442187158943192
811148859305806075
8333210838330964021
11807593578598790306
9170746644123883720
1097613516664975490
6233334443136225917
2236358470096134410
11764739429440943678
337189342766858839
730084858143188755
6413315105130710153
14552507682052118472
73939059560968082
17548566147147323585
12951981270578031989
15915990268888672205
934080903129944447
4279244878089229170
16488966399208084581
7685300139976391534
166122741880746821
17771654353617660276
6001555170415118398
8212340126731640294
682836599406154195
14866763406397530861
3021233820194712584
11211797546799195546
1089234979207108300
16871628073350171499
1526241068874720104
1164451147395071098
109994000436507927
2623360488674818119
369595062694398107
426297278210956149
803588765375111037
3254926769637155710
13268867828070757531
1948121943920961871
323078229867506869
16870288715770350238
10931135108860205226
12822459234294144194
269710388904788351
3658089717619607675
17220860014492048940
16977720634438913401
1099624613234994705
18403058145216558267
3505186359709398040
7507957270615076786
664848430902581654
12442415228593162160
16633105034383065312
15007209707979160653
196584816770013801
10783074761702702280
9185404601827631893
12881655900686626959
158583415121397312
11056550616786470439
18234318145013945173
15695357760526686372
339139334765504423
8937600473126349702
16583914757229940238
4322761879499982918
49239394794253688
9537049907902681669
18136834195638374039
4958082598362516408
1104351980122983488
10724439494116588310
9162315812634386235
4389841775571544196
448488043963876326
5708732462742210707
1471289597866374648
8738055667184582129
384597500124259712
15819903211509847492
10840157275285702547
12878753169885019467
33539919255491608
2521706551500763335
2820369984110848219
7885220891457533497
304731847959630856
644413506479689171
2627407493497696145
16256989688700615445
78510851849642754
8365394035009784535
12235412513853422450
4572399324732476660
1109841058022490680
953090909866981910
8110461194128352703
6168977513963419364
840276597883086630
8849148526701612453
8475209700656586151
12006985279478114925
862204292157382835
13485813998815283614
16588662832218641911
2195891221313303155
325271272243963106
1153716345732327439
10795247660881200245
11535205886950927316
1005069612595840612
10047731789153864737
4379288358968670878
15096508676854426684
234914435252748556
4143466700786904856
17059027055484576253
18324518605113879813
695115986037620038
12321686177808661817
16590951564408409498
16590355772536321869
945964046075238945
16847211412406047708
13838409403116745591
5842419119807997656
51655655147033067
15327927209110272910
10694561361260942611
8913881274976447281
826575205106884515
13989357204257398599
4043028597786562857
6355900479609048420
382148701655195480
12637039325507362193
16714263873630996133
16589965269637557410
1100557660628551902
17699391256357726835
15620394802869403056
864094924276469419
101556088715664098
7878872934070630064
17529091107307149078
9949789111285080700
212233695772828034
15649305350102124662
5202692842433142861
3804151049577075671
814907316227467561
7395238525032483928
2838582978148382708
9112081002448298210
656611989721421299
16899476131636342550
11017299632948399445
12114844597714790553
770106276104277538
14030262982522237694
13279955618379396006
17518695832485846641
212443692843898293
9756083856203451255
2085523931544693950
15069110176495223784
603359628515234577
13560041077929012248
3452225604991363461
18399926306866079852
1111227980589175092
16052516158312132803
15216431732129353256
5870701481282151602
818164250649058992
12585743646913588536
3772403345162349969
14246559958915488384
996662531802707386
4277098661732046301
7699511787220679607
17631455598414418057
631439433622317762
8211517618319229968
10016787820048960379
2666227947907026920
142792336684869635
6630899741347654680
2847199496082458952
8942848996887222571
971743279932704415
13083959107543706819
4903336312339246250
6211878779642739569
1086935032792105122
666913598711448823
11799106371391492265
12408050163729276315
1090289823031902373
12738593447032884332
6296090867641246787
7223993615478483925
1105477340851855479
9523096812895430401
13504766167605896187
4246700375087473392
512936999419743049
8542297423734339107
17161214177662728928
10536762682080315791
929063447730600309
12490311392249044955
453938235497427486
17397440588480777563
957699140291338983
531433901195856303
17965792284559119358
498905076808550654
695436229183485664
16456653486499165536
6929349567043758004
9208320018406032624
638743184833747224
14461959395491296847
6133154120867210110
10483704037267487917
591647321958598572
4678595366329320925
7641449835569655385
16654006704005884545
372745078578117357
16009488117045245926
10593949954337222605
11037109369092003768
106874030082125810
14673756767452009277
2729406199396805190
6520700307035217651
7782752321472579
10544759943501970654
4573735116126587370
2863590727415031870
714156649468778492
10183537724352918015
6527625557731411388
11285034570067887194
422471065975290326
7549037870646626080
3166602967886734682
2865278378795016919
1019375760353807300
1352341560877606630
9260359654041861718
18274228619677307093
1074918701122474907
8781985702850507
13128544590329949541
1713726373050205376
23269994471542916
8272410362947284697
4538866703470187421
15391152830146732285
879072221021034581
5192410512796790098
15118809892757009544
5175263260086949924
1044208664409042088
8040851935749658553
15539688301250153080
11012235678414189058
963606221897313649
10564636060796265695
530768933487028062
10689518567000959847
233827855536193849
11088442848472581355
2056032219692375086
1203733409189274425
690639163178976587
11056996158800316477
17434291391607841831
5814850912144887226
844020334266439830
1470081735892282591
2356340494072321991
1996902594996634808
525704917631896092
7999714211898371003
15018933128240582779
11033108088056636107
832473349134145167
13813318268472062763
12309049134185128166
1854172584932014711
292607779216354576
1110419629396651342
18221093192233843861
154433281221967918
380738788845658967
5718192731447804526
18195210138138017314
11246028421643001451
322051942663441225
16924559168377454306
14464914451907115779
5002472620798982070
331723770402548424
1190119063115158991
5680245767566595033
15830279780585071483
374649747668551724
16320016117594285394
1475931779479034805
370056846220998991
618453676918835001
6991180047987413089
15442141663355278793
5098651154843697571
583803801165296499
6682288953354615903
11240636494634528762
14323218575334471130
483769677383573961
18437489401268868006
17795776471203113699
13591543312772975126
970693217362671009
2661367763837883111
14477155498710759504
17349121060447098318
996565855260476258
9177806767892763508
4257604460882491102
10562330000833645659
692433678389588921
6288537130709673302
6639134433655729925
7813903656163070510
334484041508276513
8265102979346585023
6424920810013684014
7935794971012238309
901756532894077713
6519187021633075593
5063777171571556978
343809112368705651
672539226775501433
259812354076811562
6914829395337089121
10658844426191325162
823181695699222882
8402966746858567767
5519385352977874842
18049914887186328037
276590046886821046
8153178474434647483
15750628701947244712
455240955401084966
880028663763122654
7042666525173360805
4890011235914903389
14377229633314088213
233784983632155563
11102697037876779967
5493423076736637502
15816927915092210380
610708770544017757
18378436974159932513
4258403670422322000
16989715832043714846
1037562438963974411
14414846993396671612
6199791970058352685
15248412644504251277
472367545170231005
908713652917559706
6724024454243912839
14072042524619298449
1141692138465419601
16921762877047726512
2885262619309829676
16762111544322177387
906435319412727612
6849549776176401072
11048498993090633960
9152465349682737120
641779097887429268
15615549826186085742
1090474452130786298
17968829217886818113
115137696914317568
11498892714991041875
12933996182219617893
8079119488846174085
755268399034751834
17953704361882508069
15748214652939912366
317845780309371546
501005597376926899
3004562521540047845
12255972652983015768
3996467607689242665
261374054044634132
10239505387794357285
6234677309505481402
12694740530297612680
380948975675635481
1247623669854806535
14718130028124916965
17068942767123666607
931283353546553209
6741259785396436219
15867010259283745501
8786376714777236163
305125059707847890
4860083493485958261
6518450883015020440
13886004431805471024
1148725051675826266
625152615959280135
11173967597123353997
10832245447330853398
97102247111452125
2242977026356479255
4046508796557600671
11402838374334021365
138453364326496565
5765208594116231681
2283518936418288727
14381425515723382094
654165421183617876
10735552287764435287
9127868026078059273
12682343823073221312
491876881418074485
3391306312773037176
14677527670669885895
7642614033560811609
120217393312215829
4424384526037347357
5986938786053256797
15174865498931042709
448519093190264533
11357238315009829420
6163805729907888608
17236321387932364520
286923366680932235
14752180688518571169
482192658849572533
7651427417368063953
92962801140579962
2248209371854729738
3177942500607772880
11599411208768492817
1044034610772660007
13914678744106227176
13262612303484877560
14725063119838891446
99328585152335897
13158720007212728340
10466166415573110709
15735169866341655249
833410216228799144
10379920118368470828
17669261440862550208
1850772579241081870
896843751231980476
3638770780900863051
7337126595483268605
5418832850719996304
617854015337238581
10526893073852095298
14326656297841213003
619562581840476245
25195383508746749
3217431743784876438
4167299572602996311
3793380513773292644
468838973365082274
17455966423867784776
1225031237677541121
1582590098489862700
7631006484439027
7410383541356430262
517440305528368723
7615795230667305197
340225327445357836
169504609761488594
15585246862564591113
14585587482848878170
598578427926497901
6003623955018883045
11459709786986684295
10241465866741321019
500613583454470084
10503863589473824776
1581969330424273754
18161341334067726350
651357782535990991
9787740383134091955
11388250522519408908
15533329216671935886
519114089482264321
16049281014667145527
11312175027093152173
17951545996173544348
394145388596195532
585364353960953951
3877147539409924203
14529474321756979925
1052102917682197440
4534396204104929636
12206198177906411632
13687680959729157944
61004519998600645
16316804251405948278
16439589768416318630
13689898921084590980
830871312851850496
4381665022697509247
10720740190821260650
12411860558337855043
598031664235887866
7957771548881136519
12642182440904304818
4679499236370230507
590754441202273780
7811723439178388946
7090157533589299598
2273867094372502899
945623073265147574
16135997195345484921
762641663493456048
12819767462490646888
272641623069001866
15981967465632656577
2255873765095294271
2012733495453466400
92867590645089443
7721172592212049057
16061217470071062380
1157956579008693006
472535756662678238
16339174529108847031
6990266939180463615
1123082793882335795
157744604370400517
7385931875174787524
8838882667369890480
2136547674809624249
1011123265461918992
4789722467849083253
6370459433903103006
14414039933845840678
90852766906604600
39471051089969583
12871592128785143449
14329800015213794143
67015776759356076
15630330833510249787
4208250168905456517
8766568479294399515
766753915873710042
14249970009257351965
14236888180827856436
3690609066454156313
229620758357561169
4891574744768693976
15445185776897117066
8654065697474077246
60177550802052192
11317439852006059113
12923741595829164583
13774460478320315871
51767270644099883
2819975066796957509
14096235438281871306
11999891256188720999
1144408318999812168
1975112991551322810
2446298687057476510
8432547347177290067
334297585816031857
17301035497461244628
13138702759006412196
17570108776080712048
899394131072533108
16927979676438137455
2425051998299360078
8771915619097108547
603312951681329158
18033850206466332192
5585573389751517572
2923173035885634526
59629628754639593
6705273019001078454
14718966333882779580
12828985569027188755
1147786256601363328
3404521145783962527
10905161214561256209
17346911713092434315
1059157138143364864
14391430380964560578
1927018650232248160
16373987403228916249
671595053952887343
9870862313308474954
334061190466226420
2963060540323246220
553653618318250987
1551069303490664087
1210894191122862544
7996144453122447742
182894316000151191
16097702661010310061
5799770865474891204
16432417671604588260
581567898683204027
11352965015069787852
17880688056909782102
14701694922540815611
58788727068600230
8648541419313718976
5133111090461415546
2953509508208275311
250852129986411919
16053040954758343464
9567578572469946457
10681084605307694551
836780026467280848
3243550978895528513
10327332585232995410
13939804072299561944
828861769515467326
15956285689560930551
2492667003815105153
9289946896697417112
59694205767813167
132500368717354586
9405020411707507185
11701404672101316666
1003197190491698969
15204833133914294158
327404338581974934
9605198276413954749
1122200810139628325
459124514659371842
3169942465457585978
4792183658012547979
650225962761149049
4144116310953597211
15745528146066936512
9699724136910630687
145228083870921726
6513661109566425543
5823785928253554963
188230450079098575
855777759918358714
17317770155256284167
5982334746251872697
17013644469566375047
763350625777434708
3719520211982363694
3805527874754008025
12746138886234402021
1114391975697456172
6429228263167421174
9158683977032496282
17623327509055589530
791889493762684278
2465522386752363109
13233652123066637023
17471453668026886330
162031456993429988
9055914224246760367
12246475251620676528
9764237117810603846
186308441378047997
14775298203805921944
1415745517083961271
17226584111651879140
910985812264598103
11499778823290485800
9534350369041754448
7371608968311363041
1136825979918283171
17038432893932222560
14614311387291463717
13236286628984299391
982330210373236188
8630096241492148020
8062929690712651889
7128216084622616727
673476312130910281
18269781964825034021
15707713996605470374
8581032909797826608
884751215723184923
13641994692203428158
4482151293060823936
5971894901763795077
505255335345774698
2606075744647082907
11363548752293251274
1620850579968702261
720956451252506459
16648262682862394909
6199507996416695073
18216802489408814865
752042926597258741
18446468986045769493
7630071079808048526
16019575699132313365
178725072690978357
4977861399224895690
177006100139493304
15703575818977267370
345131626851019754
18430779212761313209
17199879405228507967
1560790374652580118
994428606345412228
12993244843929717792
10767239141085372300
5990798863045416560
617560504989320087
7350670480130457194
11537202078708316124
12470780176791308814
696775032063316308
17332348332918579558
17457964580668446152
4264515229789875350
804836324808673234
7524349048314267556
13386522453111794128
10771497902926561384
582556764455731198
6602433159274939098
13171124339721761204
14474056490217325529
483838529668572511
18006670811132482242
5274120804749829248
16020352656663573322
376561085470348137
7448224174295360332
9045060670975330194
6629255693590879578
384272319003840731
13328792266826984003
6122830317203514959
13479580021983566041
170172042040266065
8392634163170374654
9147929545489690216
11179791066813064223
65725096884984431
13736770263381523357
2123185773648457059
17294397062885040862
551672918338131731
10700010936928744704
6615686269672204282
14141941681209844017
723386752886003518
5595911470750289459
1011903160776041542
13772219322588077296
555696718874192982
17036882477788789508
13646393441513996278
13435041098112106834
164975106631717440
13609782010598712900
3931647447761153866
4901925995452017433
980881645937180032
1988431981491517155
17511957594615664465
10773315785059699220
240217042573508388
4103921199210000262
7203698131639067315
7386103047897629324
162383556759807453
15457426387047154584
5086883243748234072
6881794007216073499
54456622349099168
15582847471011751694
11981939639665888471
14757209802861866953
49997342213942309
8351875130368107017
597851789751539561
9895314622054307339
940262715264171802
12506432143885087961
6904366383324356248
5343948707750079953
527033353618349245
187822725067958759
12700850388210091451
18039967513467296000
25526643220751067
2910348887003242109
3494883342759570118
3919763370281534210
219822863645492005
13170721189531262593
1728851815585781347
12996100825882591835
17366930616142512
7120083094996087995
17089406720110572162
18234086472035162681
221676762474630590
9381367130249249448
1118329227394471237
14345587496201544378
1043107905850406595
15961888819096598978
9008281867015517383
7011983400226180328
977921291198938851
583435589517361277
15657742301870409450
8522460227899871401
130007878193577234
3081576313915151164
5863700346246510221
15808143711078933930
375984504261365167
8084491744471626205
6648995935231585393
16970386783484590006
472991522042400444
10963003409701399401
14515735113492794272
6443366655649894105
648995702199788754
760624164026610093
18313459506449473904
11256758010401365519
1130089388046540917
14731642594115684810
15293484189878095371
15894496822222900997
1019159088433778909
18272516337073187897
4628837492533828574
17592057491822262416
939074619898836398
2760945469739227415
11959789016072460058
16131159016596068552
359547618343882378
7531632978832753750
1813684094008366742
10674686688684917148
674422506204463675
17069457907029457444
285517229657600640
16490651967327802154
888632309428278822
14065229255316942665
10098453497867826425
13853679842745619503
691504459040871767
410643000782393173
16869625832480987841
12280508674186128447
995005300757563188
3254971157635939055
956749143239007437
14003764789216896246
92757832039012731
3376849395426418153
439631641316051364
3989980086052228249
571102753049413928
9563998250440394281
7833473841991956260
7731296234037229391
1074437648923901159
17234565187517107818
15861825028852321936
6234231747870201740
646677067084150591
4180003466113208722
15734438759422749196
17634459243774184751
947063041443024379
4471615372343754362
14473269885272341285
16512946643234437402
37065700640744569
7954908785937358173
13561758139753033171
7298150775308752613
266692135616708251
12038618041326039103
10108185517501354080
9603040638000354687
365251527038582924
15748262856589780080
15692802326326696133
8386375790134992572
362705274778097008
7762467209881187323
14862112729271459353
3697319901952787794
1023431537864031801
16750657726748812310
3694552006210979424
18308763661715139074
408357572667511824
11393316418841727988
4642056468326970417
13446853136101536771
853007957611379257
16512990095950091093
11307274925609388646
13645991777923179032
1022490123234271113
3184780229680581508
13331558916750055087
16592638950562079734
437957193892943011
14428056686513129780
8899310644778081672
5802902863604068203
282293957115294736
2383115962425527216
6617250515110285127
6885864480278044823
580299080390976305
9646328474866984356
17155991704887016261
14077373600814316806
707099599881496538
14291950872335657345
9645883132142328877
15726787682722999621
759607008345830539
11107740952696012035
5192041230746533413
1741205333906272393
622266832545311079
16216371767152565821
15299356115773079836
6255769929520927394
863027243206443522
12562037782293372298
16852821911685969539
9380071320449007524
515278528211262537
2230136374547855097
11159391698930542655
15002812711748742661
11338477039997763
3853473638062619191
13028039558461439543
1175701208833290480
952914301821165071
11268087885833168914
14215206389367761585
15179605440417991896
746894202316808902
8341182685159366023
9575867666393139664
6943775286079243856
87304702564125461
12538020577528511288
2998929679790589264
14559536895583161767
478322623820221872
16268043206467226733
7425168346041830000
863671256895310533
238158326817342688
5305735240031669394
875612562488493188
12040503232438777399
590686388997132379
12694139120882230750
5722461374554532668
8559110969238259783
1068795999273795844
3268340215959278823
8884105632940460121
2776553314208232258
585824413452976902
13470036328033966746
12171534905028140950
6586619851319235054
1014950516494483804
4297047454488574935
5801809687047589597
10138038264252079814
631533803869408961
8516333446189893269
7536671341047522126
6096085111497084884
253715596280854980
1985027260067529469
6663726815174605052
2943254628857785880
960437949030567715
7054433164940198849
9619161810208744564
10083828040325698691
1045525001950228311
4779617776264398079
18324244935562836998
8207854428566912627
489226613056577251
16164424787395300180
6266189636302811089
1108649142067723382
138746813889029259
15285423354274721756
15682267666127871032
3623713192382869281
349827141947806009
4813660438628131574
5584737627852814152
3305079900651970907
920246319013429369
5984242454445221934
14304679357149555955
4619250687863361575
1137057153254819948
14239178734482382393
2810082078673413422
466844199854423424
307512364068145856
7339472104090644177
5908652646106092004
2325507524303743940
389380644563473403
11992464480752400399
12461916726279346347
1975690580432191617
754061178925671953
1100600716537171950
16512660561209199783
18430567499636002669
528890561441992105
909998799795549879
5280049771362445524
15134506182955687991
574569448947246782
9366588157938406470
11923053954870625312
18289567497976842607
28355522381584519
2540916085037379622
11604992464141940871
17789356758568516460
6162941797618936
5734731073609953139
16880498100197766034
275906487285423391
978365562635580851
4302909286783434206
631248275208923783
3706312982713487747
323131785532124331
9185568681216751806
9762022902367658940
925088381767563045
992184107266400016
16927441006980821531
17106047103945572293
486301418106549322
744807535237112651
12820624682613746164
13412533830606929490
7134268166165219791
207302548451372931
17281229074927815870
11952670213108319043
15057510764869851284
345508002723950127
3053789740509707348
4165242440791830175
9230403363243896764
1038528587304583071
18414286827760931803
6344553818479862517
338054127395216903
746021485393041998
1943904101144360872
7403521007603701544
3912488032829009759
9173868889212445
9224517686695066564
1359821978475800040
2596483458047331667
591432894031253231
12882392592749936051
1988336434725476006
2255776114899304306
990609021849492241
6484633575007538004
6685304668326255652
10591837286154911671
213265295561449768
6008467421503287282
4894686238635751039
8257966460728517659
945089865762943774
18311833171128136500
14940929260735049544
10201867099049043494
268482290683870617
3674347255587755371
4548691038451954593
17920788516844102543
256763502450677108
8561529395152347276
10799650396217589345
5276372147671767636
52295887310822858
7365055745233751015
1647641655765004124
6005874287991668040
1070212259632291101
18187306598075257068
148463569971532334
8527552453280269237
313721862460549694
7797997765651657425
5507613308754881726
5911239411107840037
702491480265815446
7581244588997421219
6144563895871497929
12692185845550381810
316296972007033600
2670116612525634931
17237900064448421838
6905412724302646542
528030365015923920
9589958863131483814
10474910102767350912
11472441068985630786
369363946514146540
7807005884855668370
10497790722744274704
8739858018885922980
317085252420909041
16949816260307063386
5862171285296852200
5665629301772343826
421336014894512937
4754245974967071322
5574356712815168498
2372936674773579052
747597916752781352
2051858389312059337
9223443839855622121
12805722624612930427
362370129699099082
17977423794419913140
9915842347051844661
16587484333686775510
482468812354001837
16100500566397923693
8432134698530959367
11895144143804211474
641330206969040971
13572321734927748870
14386576121092896664
1393264015591889825
195503387267734834
15424718391382399516
6976688717678618305
785615285025199411
391776704315622968
7837689942364478585
18365671697775449861
378485777760690118
226954069382439460
15939778305849860318
11278428674736283163
5575959384115179736
331654146464055274
11369433602627658998
4585488921162973423
6114627447454794398
310171663138664034
10428668594210213064
5381717564414998503
7688934570674085678
505510467193855971
15863194114500091969
13999565547198469822
1780354854225583450
563246507514628130
10634842426680942287
7499222633629146002
5741607967757384926
935904637069523629
12684600056915403393
10867246165305965983
11123579931481005251
1122668812798368365
9271089932970321244
15322321290625398558
2106574045368763650
594956082405921107
15929923775751346427
13176314205702860515
3417828877086071417
103900665502912191
9849641700486806041
13367753296855333788
9422746075918538617
219228072307910710
7015936068444345586
8173596914056810115
15100680900369865812
888014670174560556
546708573646552767
2731871214579836032
16468019747686781759
1057561434064688290
14750125290249084390
7213899028630751221
15854062509104162333
483673800609343635
3897270282836710482
18113867328946680049
15009345674043475114
677760444613796461
1160295786532032384
8696256183732583715
9491090377364159060
355500572217744271
12781713916064055383
5892580044249826112
18239390871308410052
595327145483492729
2177646594333822632
4923636777979424695
3419538289474371966
145325205506800530
17408505519290030813
16165002870350420122
4376535076629436440
795305663929749095
1600365571103409046
9942291872290457136
5616249775348907930
987528291867876564
3990622818009562418
5289488759095832834
6697485566468392959
939902335258648066
1562101352244215643
2558406616650077518
14528165101825776861
46115731219934987
4425311870409449229
5618228061068126199
17742769017293182004
913129582114240416
14749267237535985426
18303171176334270855
15474914906005733278
62867978993487580
2061084214752190066
3678359827551288457
10703083402782144374
704451724710281076
15586853378420214447
9655976354619136597
7290239785634760520
230340038950082638
17609526004207644388
1689170716927479091
13710818406883376721
305390736078062789
9839951988560723137
4461916065357177316
5003309688346454144
146220781018502299
6316312003923696876
13075284953334732100
3150342960238130762
61555223852553366
12771926105924721261
9393095037483429434
13496899804187473441
470764583226282877
4025341253321046270
6633134520923570103
6677137905883202131
1021086116955767442
6298571826777561423
2634098910551169508
7354228902388342335
859922475597447983
3097132962081974022
16394928376714141958
17861257637950043401
616880156958578247
3869681898715063610
16812135088138355039
16145938524993240216
697996246034934889
13921905994627655180
8439623949860267884
7458609455586647647
625889897522517019
8428723115728957717
8998614453329779746
10774183902238070230
1033344008313456919
7139843025104929217
16632989650826885269
11204641357795451675
344024199972971650
9914536902916647656
16779884829132339978
14323081154137410639
606520744871505920
18148736831345340289
6178022323657335794
7427003453554500546
788300405370250768
6442968668931822550
14619863081961597212
18072892426812404968
901313113227167003
11886298595360185512
12010839082886812094
7498836695906190710
1011963234983646060
11099897689746104103
6648926786088599280
8726113756843858968
1024959337675816873
17755618577523761295
8195808427904040552
7074832061062498624
595718492377517007
16490119715844417241
6735121090866537267
7286975482106983179
586992613893336028
5885373987718335596
15121426964928598629
3973032183220590667
264232532631171978
14534272596537602656
8891036345297058157
10683645086216049120
722535380869079968
9911531870866498595
16703203202217896873
4631652385782716804
99465233096096474
17193767595151218779
10099523385004575787
12565091169014102582
614636779427562310
1789153676865910828
10908756256202012607
6910011408248654739
996341859644749453
6839329764625777378
14743681405935039691
8628874820417962964
745762231636249949
10750765233735323604
8931842954553991376
11564436448557744899
808322297667687918
4300588867110804552
10806242863819795816
10419879998513855948
214603413611641623
6348334724188177430
7335812218531198338
11736302453125632673
1027704732734978998
3589447430786860407
15890342699651278511
278192240025455628
78951041432303577
5338147465706859459
9897194751741066065
6644334406568681041
502451962684072863
16049182861603960322
13076959426943315746
6278853882320001359
460404696105214787
1707753710831112869
14940056779869974963
11618104888968016414
83643916077566521
16803464257104211052
12024988971704527183
5993775224812215026
193590360802599945
15180123479995451380
1171402172060764786
17840418032563556585
524699558504783402
18444336126992655254
17216511395767657846
15526908175089804549
332478453435240853
13010589036058473369
7858408361624157300
4734547233135205985
152620630373593512
6460221655860127760
14165363694912006213
2738947442524240219
87116807076270040
1013399427186075442
7680308967660620213
10566672631321794531
1064599178903289129
9024695232583323876
8213744180727941034
11392334309670932707
158066867359502705
4924279039525593370
16536526596085081984
18403862448471278012
81044931280374794
6126171558047756536
5105875494023355222
5409736313050776902
410959547941790586
15923884062594716079
17961607422914338278
4360355816887727846
393887929148764562
12587669470301239720
17755743962866398007
3018014345350421553
934458501769371698
5781016829607499090
13000275390471988417
14740055598147985835
323546588534887770
11192164779184542913
17969598798923352821
17494219303295599317
297639454244296794
13230201710869456425
11356472326151483168
17060264014636970267
490957226539776611
8409423142807087698
6646360571968426774
10899304912525572362
483204465257488703
3417957015898891704
14346885950738438043
16286287326844916633
1129863346106150777
7736387095737995042
6854374327687875499
8445477039553099190
14767812288227767
7862720670554672686
18355970362624671373
4714376349338264358
239651510674912978
17507491488171289487
15826572517543800725
11783007555318862737
988880207640911902
8566347957373837487
7580806651536997789
10498696146275309722
440108958995747992
9701525484270691198
3687537569738600238
7569247806913552363
47672674891845310
17296132753386670272
6691011400126629846
4944461572937526851
729767224463439418
16173217733930390944
5476430119436232626
11262826240084592164
231037119469544347
11585446536933202231
4536689673574623821
11740601466343880823
1132510163152145785
4233750806068553459
17974095075776465626
2945233348911809777
895102559902057573
1839011899188366862
13723262376692146951
14184171200603710235
409071814859326801
1033556300141019110
13203429992403977479
10172606469965896512
578976290916081649
3489442100119365722
6709873769458360115
12418741485289038825
1096323312576029969
8948112883632489159
8989951166184485230
17042327252065745347
957489862682023254
10464163479950422156
16040521354782922099
14852745964687762217
937385236288586626
2558611302018475130
15236778494380841076
46715285626410410
806351356776498981
6345887261521081651
14007344777971402837
4408463790521462894
277395491166547570
15308407877505107383
1129630828733035834
4584538760132957086
906463765133924742
7016945574399019703
212974811712894868
9048068543135670764
811697582489769201
6592602142974427922
626686803936685990
10971447405400879387
845378779927832665
1220043827553592026
13505899562869905337
17132282430569748143
693019498682065614
1614418634286360392
18421053361346740398
15149052977524804473
118179424963054388
13124324615099801448
8312727116336248069
9244155339427400091
188781981723886594
13295527511317239972
10000391234636697346
12286576132190298640
773069481775469481
11597087263822089783
5917121474392445721
17970080651792717716
761325849312054440
4278928746715725316
3948226639411938387
17725026781505379455
649645621168261662
3331985043045308867
11069472587538879568
4659432673169408537
893732363294823999
28102319259022839
12455077263873748886
2447225395515423291
104142887089587094
7803277965826339861
11257118097793347636
16026616128280711290
712486756527891964
6832926553298676660
3073650208909170913
9755137656747615501
260855343599689146
12158845826278623524
10687205569790095109
16857341851773207099
1075924487145141274
1550103726189311873
17762942574070937786
10224759149691624470
971443920276088302
4307530514261883110
15395533367237773846
18342133344241992636
917196086525799053
17906243251671148456
15891274904788909402
14379569791135263166
823448496347778099
12459617119002991923
15332446062313155055
5989605132580949793
211741345506273828
3908199784485319208
12859465342112468402
4493396277756699940
1094517546932865021
16657601458264593445
15399578168772015761
3730186928446701470
366234249231282832
14984936625494007932
14060132195367215866
11472732149704212182
350565488460169682
671642100958959010
1158670527073346152
3552585630626828299
665506407439998426
13473751494306045339
11760640200172502526
11487698423429436243
365212917390001337
18408825953057078046
6055027630159296943
10246042370184724015
830500411013707285
17857804781704294194
322967393365432867
12866094591425635010
108198416418072967
8877447325590311670
18019910829169574933
13318439617788295085
82653657663978276
8470453499397347639
16305396693949768135
11352692011809174687
968088257136399372
16951143419393761738
8894123182525346021
4394147749306857392
686268297224545333
13745944032631817538
11942299933179140850
11038959798464096705
422245592327737709
18317353185877073088
7700245140109409789
12958284809175630259
207626228691254550
16260009797159056934
8526286290593012811
10315545450946741016
668449965827025670
15996855164790703789
11945597702583899108
18254403397893318328
1073473051760900357
6168885670499711909
12171411876224414156
15124979376475192098
323756659349922809
31741409955342727
16763463071477380006
2188208847677892818
915850719320878900
8664868194339106597
1092519096635515427
300439860314547315
1038028912278960409
12524115605089387934
6129841997692769737
449541441860700294
598835432689089392
5170113451916321017
9918192373533147882
567914103050327140
911461367828729869
4166450978903013826
4578173837164360546
5535660904448889472
760148819670248650
8148195481268140633
7607249571941615631
16076457257441830059
203046828530370558
4309289388535148175
13779158372716032676
2361448391437417912
1081240711362941261
10443471483610048489
6129409876266138321
8039646467925170904
451732401992634977
7968376442484726567
867032973783206203
2766066465107555166
131713416463875353
910761682174571991
9916629798971386081
13963207502883571761
455764238316439000
10356074978127554530
5960027426577753037
16103878064548365618
549486405368408055
4452347827048635272
12329113408508462425
13550532022095692094
641092701297585044
4409207668478326466
1610677303012373707
9763338013014457772
71664387650342510
6309264641809216128
15085822266717486187
1173146904600483457
512111797376106895
7723565824284814996
3207685008312039886
548758182743226789
196224683962541693
16562041827108410899
5679865218341965804
11878043538046053565
704278906999044435
3778446498032710919
3642866036055191712
14973775132644556090
1058723988290285225
7629056913449845791
12918044887616714915
5236006100017561195
431517455303850845
13616866420416742578
14380714497542379034
746765312200298037
898366614062033297
17960370654421746595
5656415286095305092
4155963958213657
46879734110521526
11807878184597064392
11286021395165019817
2059218999592700124
1081805259293376281
8810506493133455841
5075905646334256606
10482725215421475070
267003231193356811
8217278159733637653
9896210110314380000
16883534421071746507
545243387338057453
16921553559262655978
14140335886912085255
10111895884091520322
158786425911381625
10401577937671950328
3796396641260852643
5148764508854950840
1021034864257428892
4555498043009755736
5470550556236766916
14224564942953624724
496251451465102205
9847846129045979433
14490619608398410553
16022091988665638474
862542312149637768
9962761121210383657
7897174245430982973
18137348765767469271
525950374155974417
9229770716990596061
5397707227918002543
6875580239561508914
395553713610277651
2141007089352620556
12884397277930250054
4366847757123022291
200653052295160862
5824059251974258895
7810949779513514839
7928593367244379056
57045600273767735
10508890791360613406
2139837785867056561
6083007837506328883
789346517359574080
10655970366438588280
9923908782016672045
13983092271564980429
740723063520961377
9019163079057379304
13874024601986051682
5349276578601162392
43907681897311097
10039911659186845774
12745785207739631044
2281917854309490441
796057800077159916
3769643403717751559
16591614021637212774
7562746441981182708
42583150931388779
13531372840495730825
17573299131125634742
14171354891516902583
446438957192717911
3138386321474804333
8652096207833981766
15096151250926593042
626706622545770992
8660035011261899522
8867551704454680927
8683410027702092229
238218002795017823
8562036051328632704
13748029025920801615
2629272813294380712
410839181094721795
4436386083342943294
929730791023379549
8466333851647570411
901705790338229603
1197419276380770232
8268453496679232953
11163610828440862135
244499135474528438
16568719948389239032
9761622004613688717
8190535978528214842
791385312066596271
13390346895236962441
773884611116694973
15700285430977816016
235238699232349869
15470707698236074354
2130510965834623175
17306499779782854701
169575401297342114
16871816679874958438
500714782587759044
14386338275213768553
1022091462393235121
3458862085840398944
12622464670290771798
6860719448167001754
161858553792691240
17545398240281143592
1964714739000043032
10461172982565101612
847556085770934155
8189958949753357380
16069388336512874632
6184304947168993020
242481356437145003
4549015815621658278
8028874039586930974
16272986028167242213
603302024573523942
11343345767710518281
3919287089902236231
3287709039178429418
889823434127437472
326787541233742435
10306260162098875070
16454394140946056964
942885617618153031
10893228774317540308
11728185795810270869
17443878728534648515
152355582497291444
18214715305872286000
7147267035869292198
10940178879203536774
479625590993408031
11802879064810906241
15459474731851122456
112311304325510788
458666514732075068
779189084386420602
662682805155484152
3875602874163367086
697852584418060722
2908131871487710042
1033402349397892864
979135166973007528
360935314711840787
9917530920628046989
6635292851214116300
17826991915792825890
945666255120034258
18144995168856027187
13582988520412903023
10685568261901719354
111671555883258301
13565708385735309218
3635727607595918892
17460028230040287645
838523030978330433
5403901338384498380
8195129085198657313
16573167342100849820
557812352121808513
3891590056074991009
11438368292599229973
6918351269700797469
220879236362734753
9255777854820632709
6169974343631366258
6343306078944298710
1064291704003097963
621277766369116958
15018113347099037345
14309341718869604946
1056198570027697974
6276222908986642805
17950153455284982880
5023185851411888895
635019253728579557
11005728711388108197
7306315221364807499
14341896982448100896
1088803264923139214
14579389872584972417
13207082454707786730
1075259710982541412
685862430366409859
14671639099654478096
6990106304113585229
16026332567592094804
412180446127840480
15732076467929948208
10854972470597097161
9236273724537921740
430804046468643920
13892133101438458227
1614436946916313675
6837954719994542731
518758766648057471
11890813296078527048
2992258659207656771
2175923895947467696
591174223369158978
13383599233759551185
18414133873916713940
12102100731586685786
830487555570945638
12973614580024474497
6619074318094062670
10874006893043933551
956497091932171946
8706986559404079257
4571104269141264978
5415972705862429594
250730757547712428
14339314423935787041
16442781636859469654
11565388539888042772
955723627195635622
16483171982497254339
11667343565446948516
368466850600653198
716862026293699954
3913319019519165638
11258264118278652636
637523022243538433
549611997912074168
11793279501627984230
3229230679367384015
3824488413165018474
836591576764095297
5527538158250213768
15383953148740093574
12109530730839110061
33293801463172278
5821338548589275683
5234337773012483020
17940142726925126062
845936898634990255
17491901562020407600
16669457900479423649
7067322753095104084
74244747254778795
2627030515589202045
6659990548204810185
11793265482430634905
1118630255367743398
6605461487305672470
16248682326741224051
9075448785118502219
855359380001634413
174783758192216266
15341960359234428053
5467412250933545487
857281151314230576
11234110255068210757
16677937255982419494
8688040624076843329
703100421032554034
11700605056224423237
6201537045010979531
8399462900366545618
970849578414301265
4959256432593748992
17152300698750676611
13461784484321755044
403419058284999483
10082080200486035935
8337687808109279008
2175960691390116059
503396209840348012
14325723803250130079
15096055756318772778
5812532206221793474
444537439377544300
1961304934121870488
3687665123120676352
14377629600743994493
1036574682123937563
18221006685972850853
2339132150896476522
13180246224898099285
1022343502986295332
3685522262116178065
8427819587362692240
16845609834281575784
335360483749516215
3733884919801702736
13468682741516910494
3491492539814037384
640795129417130340
3937720311211382592
7876026450617769074
17438463337921195183
470587731718835120
6888959850194862487
1319904679620970167
15453960410283074299
722404868980009751
4560438325513006159
4164442079829019783
18336167222072141704
1018142058034227557
11168654679953526091
13707426398290859724
13644472178314053958
701805255605784670
13324473116350091716
16716539285568143340
3429392382737150038
1129161805751927966
16867318360581698046
12380192895299511068
10750045228043166841
1127765862930384713
1333137848355696404
17462705157782292702
15655220019257949391
1008156890995112211
12320597983946510609
17912061101177052416
2276150085920439424
479370917429277580
7687131916740322963
9920173357549370210
12197493454351526293
968525752392248426
5688765664962941265
9394921904097309207
4252525964335417360
217512365827568679
16770953599019548933
17175411878065914977
17328302137329923559
891990349269214512
17466388354122327170
13062796860006031600
14605847439478429605
730807276671883690
956001450187096671
2906318167348442681
13932229574072283387
637750400926631300
6895103927772842951
73244562673899002
3940606709249660076
242560242665720489
13062808588905130301
15363816966690295761
5818414935016111487
266574397544633346
5551975582067715948
2590676949010383128
11584390218377360706
18033296223128147
13073483735037570063
5773985629458669664
1775084295779488328
512844801875397800
7251394338222513080
16094907785374103300
6187971195492354822
405939665727770582
8719597054158792826
16574719524013821325
12588685789894111767
806074804691850699
16206910137385177829
16741807937780124722
11928437866704810412
185725486143850456
4977052819088296812
11620638723106238719
15564899532953214152
1116660129012731557
14412759777675324750
17949020958491069518
16559347535065851896
1125787124418566395
9691630960380031296
2367864665849449630
16179194241872000844
27624339060368015
9925677130939042940
3626599977940827684
1509625980596220384
706473564880812792
16398417514131866511
13608697775284118427
11379434485445827804
292436580773956558
13487064934122740859
4209287051893808823
1480963538523157556
404154714962372636
15402080312335946953
2193295779867071830
734256170747280573
688381010379225339
8070575173737404556
10215588313573241492
12698472674105531630
730412864981561744
1861038450269141660
11134004527415412315
11762469885105858036
716482943507831357
9745087304473094192
5434050884631470830
12031941493394564033
986394479644869916
2106240276039422070
7802261782218153190
4515150595345829959
951098604911210630
18099972048232051280
15973757446772597765
2843129131726949194
528881080541237531
684077748196687428
9480500408525513096
17344105679667192936
293761580901344805
6334640322444628025
2067271756570941223
9220830443021673484
275913410285879097
8808961531507231727
5738141045333963701
13899762887361642039
640133558814112241
16215816134414797516
17746218517905531698
6098788622159654573
951766028467699866
1795681373032296435
4185947222767293825
9321965197695384107
880176699062202369
10383301905092388767
8743111315453888311
6272149140087387738
585528552173846134
7166352083684240061
13684189437875922121
3388309065351678946
801569601083354659
8919626412072637799
12557907909363861901
3536561992595574993
322869969651562561
18442801479288646000
5048299053524535555
10414764944234300986
1129416053443117752
9782637474085822334
14729334135404825263
130900021703295630
1106820325905765658
11278808700559569705
11630542086918317840
14574045677356340548
493907481641013672
11141062621053298008
1216428602113870364
15403633722391246638
988620399631298284
8489108074449249947
10159169346155182857
6168613916875406635
617056326368230911
6575029161659532917
15963492198374395599
11133525454449536349
137092338770987826
9304356052814559265
15587953811472294905
4475069958011395312
244278418970176469
3996569519651135178
1460054956596988681
3031826548150840336
747960660486094897
5177727714468439967
6126811562635463306
7743272331275701113
581289157058461200
16058582796200804439
8409181598185301340
2467351426834460449
1074345970377860378
10708791619738200118
15686812603698924094
3469213084110733873
248371876102014555
10037392465052452870
75508297961006311
8739728246277266120
1037268470265040750
17035520357626572892
16739191300021535949
11290630749959949239
339789354676418918
5018699130469626142
1231723052271578529
2392405398075636627
411931217438282203
9740957383375814406
10080452823952095539
5060000953912543920
40085193092921646
2447224346323488850
13428887063312945661
12701713882904555725
997838320386011028
3240474781258406442
16424430627177663308
12566443402648977622
955310255057354551
8762144557037059667
4515264751528852048
1339016713855647796
906170528358940655
18285395394830222313
10834182968449817361
2964206401751094505
1076059117474511140
6218587877446984591
2658492184707915139
14622792173929243769
251888761089826521
11723926161511849346
10718283268125829224
13113603048936434257
872725279569137064
9150038758310362493
7379237100906648556
2373316445392191829
913606787755303624
6067784983504685916
12532975397268426949
9256361222248211929
83272016029627680
14336047235173544902
17209991888208031501
1512852336693293066
273184512919176717
10508903927587680384
9748477869247391464
1174079527651850108
1000102240755084509
2523929288600207083
9750637045475953163
10122315634592245447
589010615137976823
15224935799497705078
1858951412694768496
18045308767404045464
831285093463667351
1157629919530963116
12608908168814184054
18233400596211339981
339816964658616161
4400214342824248092
14130872780433709445
13249483158070235336
1064208887092415196
7739481218643827224
13940354130318560698
9596530269394885330
868703580491118697
17891273101259102001
9637688511485906148
7635373371791585434
989818418750792656
3592260035131901245
5734010742537952003
2777857773951083687
1029128005703000788
4830998684903718637
14598813033252541008
11093271904161105556
386431706648921599
13079876454873992672
7252448188604281016
16922753316926470222
963150729039848827
7647572640368260519
10824988188382346953
9058586842434880490
624812998653315872
9827283014854048272
12733537789450252810
12111296645697607797
1081950605511583860
13382528457991200501
3522519817409700934
8126796094770394190
25535347265166890
7201125518592056623
8528744778683006477
18153637907613429983
1150557660790820051
15383604729770529756
4821040549118213687
18418320082930627983
624278105646499479
7974350989534579800
1091790386272856875
5483142759320654012
713314444515085529
3973930301219942629
6392843048825689672
7808118134563515056
9575371441514467
2515345031375586950
678240670184457193
12244197468832349546
485381997025727301
14284601604177562868
6055543732865324918
9656862923041027611
124416366145809204
8714730188264239143
8214534142137076372
14096335723252800463
256975821096287221
5629717255671441304
10141009910929626799
5645948711215465137
905872317412579184
6952276764878729843
18178015246656183161
14200714390473301530
119870323514015317
5761071302153482785
3861423979993678792
17663050840029746994
610946914375452624
13351574324432052329
8567958603443595272
12102587769083411376
257047054447431131
14704169947262453365
11488288565558573142
8911631730254431895
1124234337318249694
16259014034319952755
1209030738734238054
13420866691873255211
673327112608093050
4686570578423874008
7928088203789239206
14401909563235847903
707038570743657967
7413678742945748986
7347663648265151882
2855863038649014565
932449006902638183
12705378028740251771
853793221417931765
3983353510731851632
214655647936020873
4747611500841484748
11481911195786474774
10093387846373946991
612595145391912205
4954873783064869529
12504127805760878741
7773125758478723664
643878587496344103
5093957230246110458
12443988131765711971
14626855270916080158
636646738175882702
6283385026797708394
5085258421640949383
7708776727192553594
375725658813126018
4114845059785389422
6932089770249637737
2992744910369921558
1140220281462733772
17548527552498331195
11014031485820939962
3275677935583232407
163060913348977956
9504767244993234591
4898189909225123981
281178170229631273
532629953961727986
3025477473034622161
7548630315865044251
16172081487801520886
822517689357912257
7443594739931237125
1087606476772221695
16454779463361318698
829911373832349829
735740752131257932
17689316030733914916
535563074692237568
712793844636716672
12319154271858866775
914816299040311704
18048177439127573637
629679270796723434
7792026197456684059
3847006196229342356
7778821793339456079
197486246607545003
5565019497143474422
8764069523696388927
11950458799297103320
423134442585001052
18013937301383178543
12157296065539193376
13591315247763305430
304812679506260106
16009267650690692071
108572925849736973
13149390909094008441
694830242421778308
988208844557131556
8638676505488765510
4002668635318323437
631570601849654292
14402600976900645867
9359219453285038169
15790659970661292102
572157257813990671
4009841872359746462
2210633143183382569
13218410714888225279
999781731606445317
15770369335691433538
10643483668963805997
2617946726944070337
244912451354244488
8784419509772804967
14522907407007840324
301624206087668677
236931145455820291
16746256793110023575
5045766276510647115
6984133978055883399
68848316670505563
12561711074478292556
12837121291101948387
15537950352626731118
683154306021428334
14538248251953098663
10137909503838822530
8739026637608723961
648317878510412653
4746298919587185169
2796155887528194513
16105974053583497695
133247075643752569
10507439970294141420
14156758028708672534
10156990737138234509
96768550694083299
13837300059010734321
577201315273717386
4915403785530250159
842553760313817830
14425955486038460838
12962208542211627308
5263502350795707814
844749135821400793
10260852916587425305
17868267680749469893
16820563463315901137
67145374428426188
6223545680448934871
5431396814260774764
14249704951974784269
681691881153622361
8883388370956385745
2803464004412456353
11496839854045768685
958224980767239571
12375471337695854274
9897032030755333564
10415366148382885473
323591430563153381
10741002192710616948
10257600076019415550
4339989616497984717
12909683417266242
13705864532962043011
14281478069246432304
6365730634386729628
601114441588329913
2207629943180769621
12661242528566058470
14530978061834970109
234646771362057573
9992307116876656235
12459973441434114430
5603923377625174574
534737677212507551
14181440530745715032
13897846011351990858
17798112419453688929
2885340906705853
3647302796190940932
2839952684764057257
2372722231350001353
981534437927335331
10073800393149370426
584778380154958829
9353489452215526701
1139619732772742160
10920801468866771080
8163075479110849345
16330236931313892540
36468830459500655
8037638561311180954
1361964139142798808
14385355729259377513
900603289725386674
3586924324646688687
11671543696079034533
9640909540452846729
452669849054949162
10350359876441403016
450541162665911500
13019048946138426552
68850836195842515
16217296522798082250
15854458890504033297
11927844470345721748
257388796517794436
4816640405906113497
17227813477982648172
12513822480714236104
755241038233847300
8642239482406941395
9246940019155099709
4533404534314846136
155499362758777552
4032847390874690077
6856093521773814334
10913888446597798578
854229166611295533
11281224981956384224
7661136830499590341
4188634684049420682
375823094989129740
1694115754572147145
13668289753557728330
12257638056798800448
132511246071397991
17314134007409655195
12383235908848512326
16367548678126000370
521777298280873513
13743432360233911301
4230281022350942716
8805360579765973722
336114033773463246
5212720999794596164
9401998199495306622
6276038263140361541
506382634872398602
14121470110930113553
282425782647949087
7336365141881803920
56518033203560739
9425726124144984910
964329492418755854
85273578178162778
614064826383671037
13184319819664468864
11778705937905729249
1439087908844658904
274875144512980909
10572881582202019745
16040678183069329750
2524916343560220884
308470283602616474
1623796006891501917
449341576181142410
543598777500550540
1150776691689251394
11157386605834030786
5708146832579773045
1142720038608126017
704972742969921468
17651210150858044887
4528167824820851519
70490773152852248
655711467900756202
15823886427407564784
4597942569966258384
12222204989661252508
86496540599812278
8751356587417089071
6315085927864546698
17125331820171484097
266840215706175960
8052408480385322097
6009954458901915686
634535147621907902
318845233083394461
10704495372935740139
1813966790548280504
6956305389327235476
200248569751646213
729284708900855136
2104031756841648838
11596859222913094800
276093153433093507
6078809794334484813
7577645809570187507
6421665322699457179
875449927819765187
2030237285333597765
12525216587198751232
16502960658853181783
523632802346238224
3661244609513648542
713307417885378156
5414794612283782890
919771146753117220
4411545902026278222
17967585920148024311
7060712325984466503
977808198749422167
8141093493058995108
14401195867570953040
9926275188583045911
764112059224055264
4025633326197237912
14661286379545186884
11843613412524545520
474629587928540475
10974269872758630053
14760902155244674804
9933121022054782140
218397437516289582
15444845744866727463
18392811390580763308
9351069432182249062
89628040734898078
2877468174365592834
6829814572932202875
10162940884532596139
499033992888651926
6533906936870146087
1442662116052872714
14256473510175469958
1071380509317130049
17340054265437836712
5679124407436759251
17597036686775167465
903792585279610445
1586037534397702138
14424951201305259900
1200600296544898280
503931336012536459
10528767908666574755
52016580602485390
16497585069485752839
1052191919484578265
2794614969390858679
17784391470016346915
984752507985085071
755302403005637199
1366569313264259413
1850137988412541815
11643171451024785353
615545004196837117
16538618647951438053
2713699328495911923
11268974011451797081
800581180297804268
918685789263065665
7966002849072921593
4134746360106561078
506941835427212312
4764142606668910246
2291905059739351847
11351678136501451317
449673728746184037
11752437924443207830
3153188097840926608
1886229272589292083
1050951747415022419
9215316124311779459
5819197861991002243
6399591487231518849
403497875466408365
9976906610817042408
17295176162060698489
530635141940615973
130157299103267343
174912575187862960
6974805227213484159
16884275228588484710
654880217652262343
1386642617473248225
5146295655788242046
9477004508650225625
886459951181732157
7959192659429288054
13688077434994455911
10444710829871993630
511942428817152615
17974041945690468161
16971856457025431967
17411688781981240360
463410370368574472
15651197442986379034
2160852234887173460
9602111668969005902
354247506034368907
1090485444846150235
6179280165239552730
9482720218487161586
403269505168472295
17620560932275773664
17503539789547543969
12764676808126276824
318831978477231638
1578459407340502013
15762669076035934893
9482882195295857360
696315277911679452
12616131869857444555
10551291435551097097
12919323157516919497
378299036821963907
6429444327808107855
11760556381503173324
14189096335111641240
486635975283342328
1679536755380772879
731203257336892476
15277272471591257493
987324694610565242
296250001248536788
8069703004992601141
8838866504664394340
390952867063671842
8537505107305666947
4446664349393503819
1752195253524407579
120437032054135962
17810990397850952231
7410215871591713739
3972462396382743449
370972121903452370
5270781382459514903
2190069910110987113
2322978674644519059
1124891604959814614
10794629849440355689
4706002955901046504
11889675679098260870
672096203599718712
4091171033855770752
9332652343819680296
12027771373681478517
926918281991859287
8654829623497927518
17136645400152494979
1764105559709771193
974072344183986676
14720401718595527971
9351100342574181127
5393926637814599248
550668624365968474
2442732396975394443
11312937883564348031
13404014969230089517
868405346855835888
15155188831825144880
8277246600587434347
4009591607925092429
1001614668667051675
3917924739594565269
13647277629695520881
7932058866675790117
358855838164280998
9940519769794150808
13666216661814479935
7602851947067652293
1437770929838041
8247271669550588640
16283479147724392409
16586548430718247148
430925573866554045
14721638832181070331
7160929699349811858
4351026389320585832
960627241177420103
8374013358533807453
11508857553738460572
5623005520049332607
489308863888304625
6192298991395676381
13042561302313606439
15368367810094309541
829466061103381926
8631583623646583726
2487893599421514040
14459934922079273323
519671658319873278
1162987821319781203
16496407382172099117
8439886439232204432
240317906762011751
15182490961285978760
4629358540805189730
16230077583442277565
443282653196247481
8143622725154754336
18160599962946884457
5327219429127900802
609395393698206642
8860696481283604079
15728587104723328673
78277847853557894
913640077510121342
11244947602607378968
7773954414943171227
17768817783654737296
725846236313738986
3749259923449674866
13746859903157634575
3850727209792652856
695162758759728821
17733316106457453385
1029396158462170201
9512104334916827212
166280851850658392
1185627997743665626
4557284894541809233
11487494161804747855
319705903984760806
4571620126091305171
16731422373229866595
12239851277621434624
1044897375238726357
8603614678184546344
12377748831487236801
12257754189785711646
875787233638764454
8192820366545123586
12086640538224212953
13663652940676963076
718179872260335503
11209533279105107644
1325043662215014303
17079776071787315427
810071792993892925
14612036307394669772
15075761970282060811
11268498199947764793
7550341111112124
5880144135403307861
14301041011344310800
564099026690748003
339995954020478444
6795379825229906895
418878942280208726
15847893813947503666
623730627200766355
5566266944788292799
3625392152539933415
5116825868068470253
36900142480510884
2795441403974842000
1884565838473880215
503218817540646984
36887429885464992
14858063390626149745
17647140286523590206
16294198562090852421
1132279807942422610
8870467859569483489
5848375497735518858
14194309103133140582
505082477732256090
11236466791164641785
7480256563401931449
2567675686291744587
733390014439378620
2120994143843677147
3429996474184207906
7248137675003853564
601611613526953191
4005807413989245996
8124084591574124564
7910442275396685473
523945839548999875
3297464355283993764
9141738275907321564
5373012192232249429
72295574195379166
8484475523004507287
14889505626935784169
9229236487162505458
695263255130064776
17027116535678884974
6537894219814838310
14681670208976143817
465216278593757482
3555623909432701
11465484136546103673
3291661342762009856
429642603251020930
17944027690129849049
4196485002858599676
495593249516971442
43418545625303095
4866623804226473658
8033011265734333969
3901904903910850361
1076273531892830714
2997691395000876487
15344289736526313615
10243299902618531
552435122002946747
6298222242206235947
565435566372825528
9007051500267420753
529666444805749425
12062714611041349712
3870673300996020526
5199871426594265036
662177511697747363
9522471912851215897
12934121513859153118
1242580706256077691
826260270178731900
11502610325184423002
10689624702152107241
12157160747232647587
667727925360853353
13841280804148361617
17324054683542942966
8947535478639340776
469016324170221205
6265851395989984703
9420624502273697190
7072961407334500968
877031618952689460
12822737244872025971
10161605864130808412
5945369957146262026
595281704616580205
958459086362245816
2817112033987617407
5865766684880347610
224732408010167029
5829501170483008405
14170510867527656306
11573894848536114489
638455365611605114
3009438206512803543
13938110523967719018
827241350203988267
550896122751041475
13291677028582924655
7973953212117781080
9576424018199342645
32906579417072991
10740382806165376367
1777882386790443643
5777214145649706872
28577501012992391
17206559969577472018
7216701112499054901
9663250035092802491
284889056248727650
9503983275442925171
6175568314308220897
6822097148542918615
868096219024067890
9320109509586760091
14079664573366800114
13386979514331627112
128561550383512279
5572519209798360558
4010412854698598242
10723174475976350240
641062120222100238
4570487672289980693
11803825764797697812
11525987944830851258
356351231565099865
1775365072282303670
1788401326239137579
2605491645368738409
156237212242689729
16537436472149155026
3967035652286030210
6483542155375252048
509248365531180475
15222672439664797593
2866057442440841162
14290658408320853055
681129691100870612
8770561018467891629
11451440152143339408
3223208370152916632
954186017641888839
4521566059538629889
16338753336560309175
1520571357593560572
737480038122109882
15330408451075307802
5791873724639605829
17700809392693750591
196967085760747867
1433022553622549172
3966016219592612248
18198522671579190069
1149387589001706839
14277770183618179114
17381075642631049508
2527396083264081877
499262084848157814
16544804258116241574
1996823291571781220
12255809772206238116
52042528674671831
341838972484519708
1681799761076844320
7885436916664156821
714264076220882082
8994324429987836009
12766892054300951205
17131171973162279507
941438208986246408
12155248198162291114
1109679438813336079
362897750103865870
283555693105736239
16591001238830253587
15058222265060455615
6975946157917990745
811186265876195459
1074608521438250950
3281424492419376228
4128241686603584247
376688477716332646
12577522105128810399
18340910856080338131
12286581622463555475
413139541627075195
12064320322024486868
4790240560925499596
137572990285650982
947447865947078798
11027062488447270706
2299802849125303254
910675927781112591
577901317557711055
2623597619459615474
3457345099373522816
6739183154636714095
568047810340151149
6243321810451160142
6041942927256969860
10478376387826833251
877740741995208098
13382773151420972880
12280553253280673092
4849982717721445383
752167633143126705
1530418334729493105
6439127067196820481
17992624177421156329
362200611595647159
8802755188502263848
3049545359781312248
1579060409284994172
379230425568130251
3183157834060507780
10522907171922325218
13149496759288328260
1060423834402522394
17169353933053821543
10140059094777554799
10312201099812894969
652399271506051047
1488567306117854755
3145304240769020912
16104423765818618235
367610543313226386
3213664990168012062
11939664611431849215
6849366326436259147
1066881472318096391
11333044282243853157
16609779719066112476
16602672875623888324
393225076888668699
16057073831424399493
17719587578930801052
7657839982393981259
665351764161867000
3512556311051207674
10284260306797315600
9851578870603950519
981339209931869684
18061699042431513890
17248780945846816367
11094617310170429754
557612035562297959
3224430655657401171
4488603690541675594
13239867314152061302
710739822177497177
14348497375743868205
7262127210061541587
15504872611383034264
423918123919427905
11656179944103269159
483583745668267571
2935208623367869543
524108881207401903
1963921463801718917
1687951397102713784
15715260126284364704
768178016355466261
11712526264924874699
13898000140653819891
1783548904577206642
904702801652717425
17027582623947958291
9851550184927858815
5890007682953474416
421447385766544943
15633809744385350080
4195296326715253748
8011235038668775698
811214968035970998
2198872246008480406
7678526698132387222
10770075197196897745
203708993471186104
3497904250512079975
4350127393077289268
13566551784024759086
604110177777186329
5458161038931340690
1769210563903268544
18031478700756131970
444802882946224865
11909114332574772392
13472093678098726998
11632841311792336220
302135080780827279
479442111966835993
17184436324519968867
11766391505093417636
386346277214963650
375499611527203038
7383209269874534567
5906503296338034572
1089947152307390241
3062059396450279398
1217483127687262104
17882544449236127757
799537239661914062
714816187362598968
376205963656086955
11503618199970168983
193179805185148408
14006330082566267514
1348496627728762083
11621023918026467135
906205601835859494
10254935979783290594
4683924494401914845
5948470639430105407
611141382430169610
1350347452948520958
644290717566245191
8852001888491971278
332865686443275803
11345593809295592743
14866904588533794195
14627163942356752654
728996689259008099
826473106582198223
7770375837612570431
9956329475468934261
742095135712076021
7250438578716739427
2303389147125033281
10527966913090837828
701126900036338508
17257371611249337921
17831794134517115627
11812942200864796090
387567545163377741
9460033925932560269
16033805125258414057
16185305422180897122
306348598400610303
8394207133624150213
14503080177316974147
12858010963645945435
1125189117681071399
10968901903472709424
320230470914729343
11612926302648105709
394169893926814414
1039056668663991421
744190108928654050
4541956997647902110
382030894187222738
11737185676380595153
4350985847185067948
3702729598691283647
379404863419475111
8481877087263681038
3523403850674283361
3242853746586230162
549904980397475173
12707321443094914707
3778323139656784321
14608122481753140465
772041879131181471
7647119603352147429
13466983357452591832
2654347925768091068
89411462364592095
7694979673462895786
16520076499932318052
6945180613248149163
961395890602004315
5558252262325501144
7125513251984932172
413258703310648448
975061949596597704
4868380897587389170
3452728897273881975
11407329918794889352
37683115723555389
211237478934093615
13611686111121157067
406294694691043109
616322521129963037
9666237130302436611
7303864895841700162
8658944727784388136
435159734769406192
15982746235365835617
1238149960210252104
14090437287345256438
721792644039618660
15142370853537233735
10528660659231956894
18238596533613095488
918715480713047527
11184449181867107114
2772098590921546405
16082625095173493718
269211275853955868
9846990247146955860
16764297699643342580
178148277312105097
66840333806294414
14518432256631124652
16419881667509635531
13983136906771887762
1099680127808862112
4117953233859027340
6691565578040108519
12746131108882688354
839630876353026314
877150613874768067
10729976371664012276
12361269836655734391
592539476725307532
3621767736150109348
6330320064297581511
19257790713575518
336642932041634161
2153485946063026247
4174671389626679698
13242146173580578499
1017422727073365594
732490795098972439
17636589103876709762
17384922005484033188
841672049416100398
17227135938931553421
17663393284570927960
2858184003261545029
341954253356578130
17484085463633845881
7087279465090060649
16617234051832039084
16777680213739095
15222678308165924137
10047863206011129893
11245460479456572487
1118164680901258024
9496082420385811646
4295398396312021282
2564388766793135800
793156138747693386
15338462306021757868
577261540710213363
9430413475060625263
227360134163691754
5556592994993475009
16403677889217636105
14471257948486822907
730455440704754704
13167286402857074903
2226537651778183147
15777798201428941445
461997206880768726
4440970874003107717
11868496959397659841
10263079042943864717
249057148035937906
11582819853270143920
15314836993991327974
8196618564141305705
525013559844731501
12268623701464946468
12369900927033200045
13173521587401596210
917399962704993721
10048650779646943028
13673341582309532388
15367138650927497919
30769589384329246
16890233941944116773
12644855583530818759
11664213795423688243
1064812622979073024
12169669686964479100
10284380335098934842
5346154757779320456
552482517667505887
6195862202856515153
11922257300661896648
3075445237832821401
577282290238290319
1907469438036465278
2665174902038997694
9632219025055884519
880319921808478809
729143286333048345
2683357526706632758
14639091295169370730
202969378351144972
527358798237930122
18210211541578278251
13082087424909306448
633992547902443820
9245387604810650046
8655913427830782930
9166813628729957552
721916510308644049
3945370997450967343
6713016907307242306
10183299892361705668
99830509328281560
10075993493607194428
16974695750604456920
10304596336857481551
371788127971439245
10657392539649176259
18083936290367403459
14257756278215202602
30590290247728862
11883867977812885232
15061013468945675083
16207223005154633931
574509152943125601
5967418182944427407
9892256409497232002
11714552909460844237
1021778988687314485
96485804854923950
2757300809322440516
4689081492393668383
956997107739507428
14423926632226540270
15438266649661671111
12782455800679956603
478938037244223184
14357691977017420534
1245438558705603595
13142956080324966582
844119879029038582
2642626757053581086
4324165279233530872
11103238310477771246
367182667664678585
6500899660980731756
2682909443669022427
15205447386214615187
581380915493318006
17865059974140445193
5040082150996910184
2729113489199795654
588568397635763123
8977954833370950741
7561207037925293635
4753573590307187659
141730697121536736
1940317859126926287
10451409236466144966
15349267470145726023
208502696810846122
776269565026670042
6526225929834822176
12120574634824315039
651910606014508764
14731972064362957540
515465586017739440
5856291872015415202
928917381502631661
15736243432164842918
4455143788469276774
622004964091685723
784400206577801418
6422184206106576847
16640666770015636587
14337889738710334001
421074630074983828
17053505571482215635
8798057728350308871
6770411937284651652
565477789789567375
11443313454957528815
13479547225095048884
12923208795871731204
953592208124282833
1551983385508408529
9239646805804089493
15660824220921535117
980501539118544812
16182442068581013127
6174799102135971247
1231333151284460759
136104363230118871
13831093264459382982
14084922446410207139
12648323408719726054
295034825751051369
7211173819297918371
1119561965991677736
14189649412158876262
1031045260972876369
14147355338844966094
12799892437488615085
6743176309532031626
92726479677999492
17939892423586951122
8383076506516843933
14483501204502150454
361536999031584068
6532997849586477217
6542858645371207527
17182458400090222108
90678978665091193
6722601834976246119
13304381577004500353
13512258362386805537
161916495605442907
9618799231296093112
1138586166036264391
14327956343515551457
471584630989746572
3431569031097056435
13995684966725647957
10666169848396432547
268512726541917337
6958867484200309147
4919504934095178296
12085704513400601681
1040801177303068751
13497126776672389794
8188909544209944109
18368522286308440171
133864847136753419
3287373720764527773
16925184678162819878
7610514449040905799
389563438455460314
76115297156018987
18411946449073835512
8369360891475128665
499912476271773332
3428480628891178311
3691283418681867019
15408377409641546930
107353998239068816
17764840724431249681
4173494707873532367
9887438594350489400
159329462730419588
3203439749136769505
9067717269703226621
2157367616518346789
665336847000509162
3457133135674690496
3775480461025859339
17043991584994303136
1095555504608950036
1671284764003637505
4406591871147241280
17916689369070583513
156210622663330082
12595346376468427604
14142136576899937412
14086848851118690935
988495140315806433
8394437302186260430
212091465248936985
10027669795557676318
639093045398151207
17601692254875073547
3672729233127825325
15667816101100983672
36340656373337577
6107761323014378751
17555430901809474439
12802077518511766283
620741620072567645
5485310837743992865
8818378564565011933
14486318468440213340
721929270173031952
4045179503159408771
4281024678036840728
9189279785567143745
862396531054114314
6797481084672177908
2223815664551310847
904530576395994231
749957338911768675
5695838529210019800
11548256469647418596
17101824848773286946
638772473112344483
2827051219748159868
8054621093160678324
6974223389165723613
125001233808104505
14284983558300870532
12012762857121473240
12420248590497951423
208760084681156792
9514037886328026952
674677522045707770
11063040415309594899
344230022328185
9532671143089159266
11859938547666535357
3853330681030849492
498859942491310080
6425053805529283015
17459503642394885924
8689481993961881094
895420907369394604
17909779492103616221
13055422361238007749
17209037451696127912
855811489406362718
8132930685140792950
7173037667127874583
16190499355898275306
509761311838932440
9761154102264327945
2482184684773091258
7484096973104793788
605466150369152087
4333317082739889677
1075227463137726272
15002098282111894003
493120050128297215
4018203576529645659
3901079722073391974
12449780367917861375
323655584864023791
9012567109275485828
3349773401109597740
15261705129161142780
52036168667113563
11980029091912770021
11723324385772983284
3820976720342088581
348724263475623476
5639954415076470918
2144984143600981469
12735670496056136992
1102514058087405153
6800913149110769727
11378954192636641440
13325589657647585590
384786977623111902
12203812682102932007
16048469767448789552
16423389229497989607
699078681296712027
7326103737413544532
15987545158301786512
12147932045007645199
925479655803371513
6265110476631887087
5883283957284287040
18210213484732094917
135606574266915527
3391815911229766086
750801506593994440
15893286560785842882
1137892276358953421
11762788504500432454
4700643641849975804
10297441300501490689
699392154919297515
12248893843063234115
14299115872389836320
5531227573733200318
711216264511649914
9640138546146324497
14486193890887105355
10180340466010035348
783700677540333740
14062553029109327118
17067809937628400616
7539637726072673503
1010279823729769790
17400124102417894819
14625087725658258971
16814172446004355616
373578892884340041
16360764429803091339
9176324426137793810
7130109657263388682
400747551594054322
2495541755602345686
3296668527338345455
9380793073875655869
842708800331167742
6405983934279169173
755188493711562664
10276211509031544852
1081800233821711342
5960856043660798007
1976817550454708732
12420777497539024597
258765251786062192
8127465646158203279
14927373824823896926
9531401718426138640
1001464963314733451
1111172523860883632
17476675206837708738
6745805803877412798
1038251260282006067
7049854717890707077
9018425024435498763
9258558589185802355
1013811258353156972
8723443436313157945
14452229286147858353
12543086019638577051
1038442076318852899
13963290263402107343
9685005396396642145
8693078350339479857
921958039105527075
14914428453435877133
10030235528150961289
5346691112404837421
955577165059912052
15825561277082919453
6245029352268108466
3053233017801773482
626055855066700926
2390896432340489048
8820661971231591989
17577434973477266384
491482480512156541
12201180946996123917
1413553604137268236
8828265268887294645
235337689717712873
14244902186544207564
9927781619546954682
129495652095361292
705252117662281620
6633526977448779933
17267559426315191371
17489094705864276407
808093482830981908
5191659274090142411
12927419981280861677
2951810276975941352
1107858126796613715
13075909261207067858
7661859787421146702
8546437431511678320
968245723478528621
9223665558006956792
16442752891463868460
16727485636817305490
141553916315810347
10995563980151046670
3884472087561074028
3434226482355055367
807877120454758146
15487173171692729894
16002127190053723401
5108687708521259479
856860523647975954
13825033801553778056
17366876575317447564
17029496055332994767
792955291153956866
14838262637839624431
9381623497293382929
13634265365850169787
168920024306414845
10465601866256998445
14646472513944477302
2656303869383915061
955970069187341414
11066273081941967029
16939018906788641193
2570492479655583385
798191818226923905
13182445251858425525
7679268422343053432
11221234985337459101
875474408238842092
1268779571283341865
8197921797890475055
11295815434957158428
755913946394205891
11908157643131016352
11203614887199458091
11435396960187843560
351745024425697013
8580346054458693297
12911375411800426858
16369746264309100123
1136100827351215446
9334878934755849974
17306396771114470601
15343706393784333208
695631101104982500
4968444339201129623
15658281419864929944
15133340672202704749
512114141949442418
14449606041030783880
12818500931962016161
1701289679912614544
239371153308090148
11577906516740683824
5878351036347055562
13973846700359711518
1061006228792698495
18180996707952203217
15161584472312747112
1287049776024354369
637692638246495360
6441959062873313895
9498475188308462288
9112675996223669133
850324327137752946
11760859377123268901
2873080042551724902
2434444866974292248
306174736159688254
14538260925242734154
6026720688681346612
11593646780029585331
165132121241364936
11341634704742718962
7273620283662253600
17940860483393196054
788936819268622386
13526239358087144871
17075986737093558852
7713609948626893462
826034486364534226
7795220528014492828
18084633441933633630
16753144424620451541
2401658637339196
9175488752653476298
8070605989510283472
4435768361364345290
730868701526931337
17623350382085298974
14363969533492783271
390807827874180355
580311813542252201
8026148148037954957
10719406809530799244
3627088618663395009
254193016571634149
17803840478992051808
3119428963962818097
17018389044785907053
897067687240553448
13895602023021236045
9753638229899336519
6361956846509968101
721392797472153124
14301173134857326143
4217708040417214880
5025853486892374401
319492556151891594
5534967204303635720
17155263502556593303
8399687751566651605
466753117415924701