4328904132846580174
6270648315203851434
18362536069607941125
972782542579543084
3984260670840803848
1270895620432276625
11975280680758198291
371760181294144622
1
0
0
0
3984260670840803848
1270895620432276625
11975280680758198291
371760181294144622
1
0
0
0
733171858556564387
4858208182257112226
873721569923816576
717141942734024343
9983862821516516033
8887430684506111191
5929197498014660678
257455465850728326
1
0
0
0
9983862821516516033
8887430684506111191
5929197498014660678
257455465850728326
1
0
0
0
1531524448691218421
8231596695971666513
9260068853960270502
583222720735497159
15100206857850694195
2836709015227001069
13523406172392044113
1092281973066487993
1
0
0
0
15100206857850694195
2836709015227001069
13523406172392044113
1092281973066487993
1
0
0
0
7040037202983477033
933582132270220024
6636668903049366276
541461607818472836
15352903336571335564
3235048528373813094
11139818444852078175
850156874459804036
1
0
0
0
15352903336571335564
3235048528373813094
11139818444852078175
850156874459804036
1
0
0
0
6467659645224265058
13039457420263136837
9581502459187772343
285441229527873657
9398619563871593394
14501764899642702259
14132046294148363327
512469736901364629
1
0
0
0
9398619563871593394
14501764899642702259
14132046294148363327
512469736901364629
1
0
0
0
6975579411649203136
10456726660582939046
6944495230029819914
376928260915775651
2983157845485461130
12154261968806621807
9154989077457346443
557053082060309885
1
0
0
0
2983157845485461130
12154261968806621807
9154989077457346443
557053082060309885
1
0
0
0
14067796463489208935
9736967444742713618
17308603723990345537
212522915642805582
17356587907944486715
17867808600306414849
2780032797592080447
107011630906676524
1
0
0
0
17356587907944486715
17867808600306414849
2780032797592080447
107011630906676524
1
0
0
0
960292532961353203
15702680813445045908
9717498507305665992
50926914753093214
17700357417319397578
10852392307363064451
15277270439369691789
991098870594293755
1
0
0
0
17700357417319397578
10852392307363064451
15277270439369691789
991098870594293755
1
0
0
0
14452941963555401618
17620549308051309825
13774245439103935795
837920338865751040
5620302998489231265
10012267224032854245
55945658399314927
101697747027306940
1
0
0
0
5620302998489231265
10012267224032854245
55945658399314927
101697747027306940
1
0
0
0